#1
double TimeActualPredictedTorqueInclinationSpeedCadence(200,6)
250.000000	7.510730	0.000000	7.455000	8.901179	8.915766
251.000000	7.030106	-0.024155	7.455000	9.005899	8.985261
252.000000	10.521921	-0.024691	7.483000	9.005899	7.992514
253.000000	10.521921	0.000000	7.931000	9.110619	6.940735
254.000000	14.172820	0.000000	8.118000	9.110619	8.215070
255.000000	12.111201	0.000000	8.136000	9.215338	8.957083
256.000000	10.518072	0.000000	8.174000	8.168141	8.336935
257.000000	10.929012	0.023015	8.192000	8.063421	8.188175
258.000000	11.827779	0.000000	8.220000	8.168141	9.053389
259.000000	12.637232	0.000000	8.304000	8.063421	8.656120
260.000000	10.668258	0.000000	8.388000	7.958701	7.832469
261.000000	9.904767	0.000000	8.603000	7.958701	7.554635
262.000000	10.938230	0.023256	8.622000	7.958701	7.416739
263.000000	10.903172	0.022989	8.622000	7.958701	6.959959
264.000000	10.903172	0.000000	8.668000	8.168141	7.669144
265.000000	11.334962	0.000000	8.687000	8.272861	7.675219
266.000000	11.311094	0.000000	8.715000	8.377580	7.821661
267.000000	11.067285	0.000000	8.762000	8.377580	7.253706
268.000000	10.127610	-0.021668	8.762000	8.482300	9.040637
269.000000	9.130942	-0.021322	8.799000	8.482300	10.008620
270.000000	10.460351	-0.021763	8.799000	8.587020	9.507247
271.000000	13.036170	-0.022099	8.873000	8.587020	8.988970
272.000000	12.981439	0.000000	8.985000	8.587020	8.978311
273.000000	12.336003	-0.022396	8.985000	8.587020	9.365870
274.000000	12.394565	0.000000	8.985000	8.587020	8.933459
275.000000	11.059818	0.000000	9.004000	8.587020	9.486541
276.000000	8.661903	0.000000	9.023000	8.587020	9.395485
277.000000	8.423189	0.020833	9.051000	8.587020	9.308167
278.000000	8.861132	0.000000	9.051000	8.587020	7.886042
279.000000	8.861132	0.000000	9.004000	8.587020	8.200195
280.000000	9.781995	0.000000	9.004000	8.587020	7.660933
281.000000	9.542463	0.020619	9.013000	8.587020	7.071533
282.000000	10.068944	0.000000	9.051000	8.691740	8.300938
283.000000	10.036039	0.000000	9.116000	8.691740	9.150435
284.000000	8.522407	0.000000	9.200000	8.901179	8.639421
285.000000	10.666139	0.000000	9.228000	9.005899	8.071151
286.000000	11.198243	-0.020263	9.237000	9.005899	8.080662
287.000000	9.069034	0.000000	9.237000	8.901179	7.063112
288.000000	9.403481	0.000000	9.527000	8.901179	8.564185
289.000000	10.669409	0.000000	9.527000	8.901179	8.323431
290.000000	9.952551	0.000000	9.564000	8.796459	8.095635
291.000000	9.882215	0.000000	9.573000	8.796459	9.075200
292.000000	11.746120	0.000000	9.573000	8.796459	8.542525
293.000000	11.288936	0.000000	9.573000	8.796459	8.089505
294.000000	12.990054	0.000000	9.573000	8.691740	7.860951
295.000000	11.687528	0.000000	9.480000	8.587020	7.052775
296.000000	12.801161	0.043197	9.564000	8.587020	6.443431
297.000000	13.258345	0.000000	9.517000	8.587020	7.449075
298.000000	11.852238	0.021413	9.480000	8.587020	7.007438
299.000000	10.052826	0.000000	9.359000	8.587020	9.068511
300.000000	9.204436	0.000000	8.957000	8.587020	9.219753
301.000000	8.538462	0.000000	8.957000	8.587020	8.706445
302.000000	7.978022	-0.022173	8.957000	8.587020	9.078219
303.000000	7.549451	0.000000	8.957000	8.587020	8.489425
304.000000	9.000000	0.000000	8.948000	8.587020	8.501282
305.000000	9.329670	-0.022173	8.948000	8.691740	9.491665
306.000000	9.032967	0.000000	8.957000	8.796459	8.947616
307.000000	8.159081	0.000000	8.957000	9.005899	9.007843
308.000000	8.066709	0.000000	9.116000	9.110619	8.234491
309.000000	9.361366	0.000000	9.181000	9.110619	8.491648
310.000000	10.297821	-0.020408	9.377000	9.110619	8.709884
311.000000	8.247126	0.000000	9.555000	9.005899	7.980428
312.000000	8.288587	0.000000	9.555000	8.901179	7.714396
313.000000	7.764441	0.000000	9.555000	8.901179	8.351877
314.000000	10.262566	0.000000	9.555000	8.796459	7.851165
315.000000	10.387580	0.000000	9.555000	8.796459	7.994369
316.000000	9.274625	-0.020855	9.555000	8.796459	8.770976
317.000000	8.532655	0.000000	9.536000	8.691740	7.781771
318.000000	8.701285	0.000000	9.489000	8.691740	7.814121
319.000000	8.719022	0.000000	9.489000	8.587020	8.185895
320.000000	8.313486	0.000000	9.452000	8.691740	8.094110
321.000000	9.056968	0.000000	9.396000	8.691740	7.114275
322.000000	9.868040	0.000000	9.349000	8.691740	7.408452
323.000000	9.037025	0.000000	9.331000	8.587020	7.284426
324.000000	9.404528	0.000000	9.331000	8.691740	7.109567
325.000000	8.871781	0.000000	9.340000	8.691740	6.793224
326.000000	9.009863	0.000000	9.340000	8.691740	7.907824
327.000000	9.424110	-0.020964	9.340000	8.691740	9.651214
328.000000	5.400398	0.000000	9.340000	8.691740	9.287045
329.000000	7.903981	-0.021390	9.321000	8.587020	9.901725
330.000000	10.666629	-0.021978	9.321000	8.587020	9.153287
331.000000	8.872742	0.000000	9.321000	8.482300	9.830095
332.000000	8.617021	0.000000	9.321000	8.377580	9.479045
333.000000	8.341289	0.000000	9.237000	8.377580	9.515722
334.000000	8.348958	0.000000	9.144000	8.272861	9.342024
335.000000	8.613139	0.022198	9.125000	8.272861	7.618276
336.000000	9.306569	0.018832	9.125000	8.272861	7.717276
337.000000	8.997910	0.000000	9.125000	8.272861	8.574981
338.000000	9.998243	0.000000	9.041000	8.796459	8.684395
339.000000	10.031140	0.021299	8.967000	9.320058	8.028167
340.000000	10.212804	0.000000	8.948000	9.215338	8.844728
341.000000	9.937965	0.023392	8.911000	9.215338	8.054459
342.000000	10.693754	0.000000	8.883000	9.215338	8.375019
343.000000	11.029099	0.000000	8.799000	9.215338	8.048265
344.000000	9.863524	0.023419	8.640000	9.110619	7.528859
345.000000	9.640199	0.000000	8.631000	9.005899	8.331771
346.000000	9.640199	0.024067	8.631000	9.005899	7.699717
347.000000	8.486352	0.000000	8.612000	9.110619	8.951645
348.000000	8.830731	0.000000	8.538000	9.110619	9.021030
349.000000	9.112033	0.000000	8.510000	9.110619	9.053124
350.000000	8.775934	0.000000	8.482000	9.110619	9.179220
351.000000	8.925311	0.000000	8.463000	9.005899	8.702497
352.000000	10.109545	0.000000	8.454000	9.110619	7.719483
353.000000	10.109545	0.023585	8.454000	9.110619	7.054720
354.000000	8.953103	0.000000	8.463000	9.110619	8.510492
355.000000	5.713693	0.000000	8.463000	9.110619	9.180410
356.000000	6.348548	0.000000	8.463000	9.110619	9.475080
357.000000	10.307054	0.000000	8.463000	9.110619	9.329752
358.000000	9.485477	0.000000	8.454000	9.005899	8.630077
359.000000	10.841443	0.000000	8.435000	9.005899	8.591239
360.000000	10.243295	0.000000	8.435000	9.110619	8.393839
361.000000	9.629475	0.000000	8.435000	9.110619	8.855533
362.000000	9.104913	0.000000	8.444000	9.110619	8.534078
363.000000	9.973118	0.023613	8.444000	9.005899	8.230682
364.000000	8.055787	0.000000	8.444000	9.005899	8.746722
365.000000	9.854288	0.000000	8.435000	9.005899	8.806024
366.000000	9.254788	0.000000	8.435000	8.901179	8.538840
367.000000	9.952841	0.000000	8.435000	8.901179	8.445108
368.000000	9.739986	0.000000	8.435000	9.005899	7.479556
369.000000	9.708148	0.023923	8.426000	9.005899	6.740801
370.000000	8.880475	0.000000	8.426000	9.005899	9.113526
371.000000	10.401460	0.000000	8.407000	9.005899	9.415078
372.000000	10.123699	0.000000	8.407000	9.005899	8.576987
373.000000	10.232948	0.000000	8.370000	9.110619	7.038927
374.000000	8.122482	0.000000	8.407000	9.215338	7.541953
375.000000	8.448414	0.000000	8.407000	9.215338	7.361031
376.000000	8.369135	0.000000	8.407000	9.320058	8.857258
377.000000	8.431174	-0.019231	8.482000	9.320058	9.648771
378.000000	5.768453	0.000000	8.538000	9.320058	9.173787
379.000000	6.723964	0.000000	8.566000	9.424778	8.048769
380.000000	6.232335	0.000000	8.584000	9.529498	7.493946
381.000000	6.866583	-0.028777	8.631000	9.529498	9.019555
382.000000	7.801301	0.000000	8.650000	9.529498	8.232059
383.000000	7.810215	0.000000	8.650000	9.529498	7.623545
384.000000	8.530050	0.028736	8.687000	9.634217	7.356249
385.000000	9.213894	0.000000	8.762000	9.634217	9.088854
386.000000	9.377147	0.000000	8.845000	9.634217	7.207437
387.000000	7.546875	0.000000	8.892000	9.634217	6.125151
388.000000	5.326531	0.000000	8.901000	9.529498	6.427735
389.000000	7.468880	0.000000	8.901000	9.005899	4.959773
390.000000	2.929185	0.018797	8.845000	8.796459	3.959891
391.000000	0.189668	0.000000	8.762000	8.691740	4.996599
392.000000	5.838482	-0.027548	8.762000	8.691740	1.802371
393.000000	6.901923	0.000000	8.752000	8.691740	2.405305
394.000000	19.338336	0.000000	8.752000	8.691740	2.440241
395.000000	20.197817	-0.019861	8.752000	8.691740	5.966421
396.000000	16.054565	0.000000	8.734000	8.272861	6.493377
397.000000	9.971906	0.000000	8.640000	8.063421	5.925143
398.000000	9.712896	0.000000	8.575000	7.958701	4.199841
399.000000	10.921612	0.000000	8.435000	7.958701	3.520361
400.000000	8.904899	0.000000	8.388000	7.853982	3.576526
401.000000	6.224784	0.000000	8.304000	5.235988	4.039009
402.000000	5.749280	0.000000	7.931000	5.235988	3.615492
403.000000	9.121037	0.000000	6.709000	4.817109	4.202191
404.000000	13.832853	0.058824	6.597000	9.215338	5.834941
405.000000	13.832853	0.030030	6.597000	9.738937	6.959102
406.000000	16.015486	0.000000	6.671000	10.053096	7.831458
407.000000	11.525970	0.027397	7.297000	9.320058	7.303577
408.000000	11.137454	-0.027397	7.297000	8.168141	9.219594
409.000000	10.647887	0.000000	7.297000	8.063421	9.435847
410.000000	9.591549	0.000000	7.287000	8.063421	8.597306
411.000000	10.119816	-0.026810	7.287000	8.063421	8.853024
412.000000	9.748858	0.000000	7.287000	7.853982	8.795642
413.000000	10.268265	0.000000	7.287000	7.853982	8.348821
414.000000	12.113857	0.000000	7.287000	7.853982	8.416814
415.000000	11.398941	0.000000	7.287000	7.958701	8.621930
416.000000	11.292156	0.000000	7.297000	8.168141	10.160704
417.000000	9.993755	0.000000	7.297000	8.482300	9.953444
418.000000	5.534639	0.000000	7.297000	8.587020	9.473819
419.000000	7.418766	-0.024540	7.455000	8.587020	8.809261
420.000000	8.062665	0.000000	7.455000	8.587020	7.983888
421.000000	12.113857	-0.023952	7.595000	8.587020	7.349686
422.000000	14.049955	0.000000	7.884000	8.587020	7.053269
423.000000	12.243533	0.000000	7.884000	8.587020	8.037400
424.000000	10.356824	0.000000	7.931000	8.587020	6.110958
425.000000	8.269402	0.025221	7.931000	8.691740	4.818666
426.000000	6.518906	0.000000	8.006000	8.691740	8.097303
427.000000	5.090498	0.000000	8.006000	8.796459	8.165845
428.000000	5.747019	0.024010	7.968000	8.691740	9.002302
429.000000	5.115146	0.023810	7.940000	8.482300	4.978342
430.000000	1.988759	0.024213	7.931000	8.377580	7.308679
431.000000	0.000000	0.024845	7.931000	8.272861	9.657950
432.000000	0.000000	0.026455	7.847000	8.377580	17.875864
433.000000	0.000000	0.000000	7.847000	8.482300	24.272463
434.000000	12.436243	0.024450	7.847000	8.377580	34.254353
435.000000	11.663806	0.025445	7.847000	8.168141	41.753803
436.000000	11.663806	0.052562	7.828000	7.958701	40.763222
437.000000	13.965062	0.055402	7.735000	7.644542	33.824062
438.000000	9.924912	0.028694	6.961000	7.330383	26.653332
439.000000	15.675795	0.088106	6.774000	7.016224	24.619833
440.000000	12.140971	0.063291	6.494000	6.702064	20.134972
441.000000	11.735137	0.067797	6.000000	5.340708	15.508691
442.000000	11.392555	0.039920	5.356000	5.340708	10.710524
443.000000	6.652587	0.102302	4.357000	5.340708	5.297491
444.000000	6.430212	0.104712	4.078000	4.084070	6.016239
445.000000	0.000000	0.048309	4.078000	4.084070	8.751403
446.000000	0.000000	0.000000	4.078000	4.084070	19.111181
447.000000	0.000000	0.058480	3.406000	3.036873	14.556800
448.000000	0.000000	0.118343	3.396000	3.979351	2.967339
449.000000	0.000000	0.055556	3.396000	6.911504	2.351957
